Precision: 0.8389339513325609
Recall: 0.9095477386934674
Accuracy: 0.9340418880900281
F-measure: 0.8728149487643159

Training time: ~37 mins